F 3 4 5 1 9 1 8 7 8 3 5
F 6 5 9 1 4 3 1 3 2 10 8 1 2
F 1 5 9 7 1 1
T 6 6 9 3 8 6 2 4 10 7 6 1 3 2 1 2 5 7
F 6 7 7 4 3 3 8 7 3 10 7
F 4 7 5
F 1 6 2 9 10 9 2 3 7 9 2 2 9 5 9 8
T 1 9 10 2 6 8 10 7 1 6 5 6 1 5 10 2 4 7 3
F 1 3 5 5 8 9 8 5 2 5 9 4 1 3 1 3 6 7 2
F 2 8 2 2 10 7 3 1 6 5 1 3 5 4 3
F 10 9 10 10 10 9 4 5 7 1 7 4 5 4 9 8 7 9 9 8
F 7 9 6 3 5 7 2 1 4 7 6 4 8 4 3 7 3
F 3 4 4 1 5 5 10 9 3 9 4 3
F 5 9 10 6 2 1 1
T 7 5 6 3 8 2
F 7 5
T 4 10 6 6 9 5 1 6 10 9 6 7 2 5 10 3 8 10 10
T 3 10 6 4
F 10 9 10 7 1 1 1 10 2 4 9 7 1 9 7 3 8 9 8 1
T 6 9 9 6 6 3 5 10 1 4 3 2 2 10 9 3 9 2 2 6
F 3 9 10 10 1 1 3 2 2 5 5 8 5 4 3
F 5 1 1 2 10 1 6 5 8 8 4 9 1 8 5 5 10 9 10 7
F 5 5 4
F 7 6 1 5 3 4 1 3 1 1 8 9 10 3 10 2 3 7 5 4
T 9 5 6 8 6 10
T 9 10 1 4
F 9 4 8 9 7 6 1
T 4 3 1 10 4 9 6 8 4 6 7 6 6 2 7 8 2
T 8 2 6 1 8 1 1 1 7 2 7 10 5 2 5 5 2 4
F 9 10 3
F 8 6 5 7 3
T 6
T 2 4 1 4
F 4 6 9 6 9 7 9
F 3 2 7 4 1 5 5 2 1 6 7 3 3 10 5 2 3 8 2 6
F 7 5 7 3 7 5 10
F 5 1
T 6 2 3 8 2 7 6 8 10 1 4 9 3 1 7
T 4 4
T 6 7 7 4 8 8 7 4 9 3 6 10 2 2 6 3 5 2 2 9
T 6 9 4
T 3 10 3 6 8 3 2 10 2 3 10 7 5
F 9 1 1
T 3 8 8 9 3 7 6 10 8 8 6 3
F 2 2 9 10 7 4 1 9 1 4 8 5 9 8 5 2 5 3 3
T 4 6 7 4 5 10 2 2 1 9 2 10 3 10 8 4 3
T 6
T 2 5 2 6 2 5 10 5 4 9
F 4 3 9
F 1 9 10 3 5 9 6 6 5 7 2 2 6 8 3 3 7 9 7 5
F 9 5 6 9 3 10 6 6 7 3 5 9 2 3 2 9
F 7 5 5 5 8 2 4
F 1 3 3 1 1 9
T 8 2 6 10 2 4 10 4 8 7 2
F 5 10 2 7 10 9 3 3 2 9
F 7 6 3 1 7
F 4 5 9 2 1 3 7 7 4 7 5 9 6 9
T 4 10 3
T 2 4 1 10 10 1 10 10 5 10 9 10 9 2 1 4 9
F 6 9 9 5 1 3 6 5 8 10 5
F 4 4 5 9 3 1 6 5 1 5 3 6 6 7 3 2
F 7 5 2 7 1 6 2 3 3 3 3 8 9 2
T 4
F 5 6 10 7 3 4 3 1 3
F 6 5 9 2 7 1 8
T 10 6 4 4 1 4 10 9 3 7
T 2 8 1 8 2 5 3 6 2 6
T 2
T 10 7 5 1 6 6 8 1 7 4 10 10 1 10 4 7 8
T 9 8 8 8 10 5 2 6 10 4 2 6 9 8 1
T 8 1 6
T 6 2 5
T 1 1 5 8 2 4 4 5 7 4 7 8 6
F 7 7
F 9 9 9 8 5 7
F 7 5 2 6 7 9 7 6 9 2
F 8 8 6 5 9 5 1 9 4 8 7 3 8 1 7
T 10 10 10 6 4 3 8
T 2 2 4 7 6 5 5
T 8 4 4 6 7 7 6 5 3
T 2 7 6
T 8 5 8 2 6 10 9 5 7 5 6
T 3 6 2 3 8 4 3 6 7 4
T 5 8 10 4 4 4 8 7 6 3
F 7 3 6 8 10 10 3 10 1 5 3 8 6 9 8 7 3
T 6 10 1 10 4 10 10
F 3 1 5 9
T 4 2 7 10 6 4 6 3 3 3
T 5 3 2 4
F 1 1 4 6 5 10 4 9 3
T 2 4 3 8 10
F 10 9 2 5 2 3 7 2 3 9 8 3 10 6 9 2 1
F 1 8 7 5 2 1 7 2 7 6
F 2 3 8 6 3 4 7 4 7 5 9
F 5 6 1 7 5 9 5 4
F 5 3 1 5 1 4 7
T 7 8 5 5 6 2 9 10 2 9 10 10 5
F 3 1 9 2
F 3 8 5
T 6 10 9 4 8 1 10 2
T 7 6 4 4 3 2 10 1 4 7 7 8 6 10 3 3 7 8
F 6 7 9 10 1 1 5 1 10 1 5 2 3 1 2
T 2 10 1 3 6 2 1
T 9 8 5 2 4 4 6 6 2 2 2 4 2 8 1 7 1 6 8 1
F 9 8 1 9 3 8
T 6 6 8 2 8 7 6 7 3 5 10
T 8 10 2 2 6 8 5 1 4 6 2 7 7 1 7 4 6 4
F 3 5 3 10 1 8 5 4 3 9 8 1 5 5 4 7 10 10 6
T 7 10 9 6 6 10
F 5 9 3 4
F 7 6 5 7 10 2 1 6 9 8 10 2 2 1 1 3 7
F 6 3 5 3 8 5 1 3
T 6
T 2 10 7 10
T 10 6 6 9 6 5 10 10 7 7 1 6 8 5 4 3 5
T 8 10 1 2 1 2 6 10 4 7 1 10 5 1
F 1 5 7 6 5 8 1 2 1
T 6 4 9
T 5 5 3 8 4 5 8 10 7 6 10 5 10 1 10
T 6 4 8 8 10
F 8 8 9 4 9 5 3 7 2 7 1 3 9 8
T 5 7 6 6 10 5 8 7 4 1 4 2 1 5
T 8 10 2 10 6 7
T 10 8 6 9 10 10
F 7 9 8 5 7 2 9 6 7 9 2 2 3 3 5 8 5
F 4 7 1 8 2 1 9 5 8 4 4 1 10 6 9 1 10 3 1
F 9 3
T 8 5 9 3 4 4 7 8 6 7 8 10 3 8 7
F 1 1 4 7 2 6 7
T 1 2 6 8 8 9
F 4 9 3 4 7 8 6 3 1 3 1 8 10 8 10 7 4 5 5
T 5 4 5 1 10 4
T 5 2 6
T 1 5 10 2 10 3 4 8 7 4 7 10 7 8 1
T 2 10 1
F 2 3 10 3 1 8 10 4 1 1 7 4 7 8 5 7 4 7
T 3 10 1 8 5 7 4 6 4 8 9
T 6 2
F 1 7 9 7 2 7 7 10 3 2 2 9 7 2 9 6
T 7 2
F 5 5 4 5 6 3 9 6 1 5 2 9 9
T 9 3 10 6 9 10 3 4 3 4 8 5 4 7 3 10 5 6
F 3 10 8 3 7 6 5 5 6 1 8 9 7 10 6 7 6 7
T 8 10 9 1 4 8 10 7
F 2 7 9 1
F 4 2 4 4 5 3 3 5 7 7 7 9 7 10 3 1
T 9 10 1 4 10 6
F 3 5 4 8 7 5 10 5 7 8 7 1 1 9 3 8 8
T 2 9
T 4 2 6 1 8 7 6 9
T 1 1 8 5 8 9 2 3 6 2 4 3 2 10 2 8 1 7 5
T 10 10 2
T 4 4 6 4 6 2 1 7 10 1
F 2 3 5
F 9 8 9 7 8 4 8 9 5 1 6
T 5 6 10 10 6 3 5 9 10 6 2 8 3 2 2 2 8 10 7
T 6 4 8 8 8 5 10 8 8 4 3
T 10
T 10 10 1 4 2
F 10 4 1 1 7 9 4 4 1 5 10 1
F 1 6 3 10 3 9 3 7 8 8 8 1
T 5 10 6 6 4 8 5
T 1 10 4 1 6 5 5 10 7 10 10 1 9 6
T 10 5 7 4 5 7 8 7 3 6 6 1 8 10 5 4 5 8 2
T 2
F 7 4 9 7 5 7 6 2 6 1 4 5 3 10 9 4
T 1 3 8 4 2 4 4 10 2 3 5 10 6 2 8 10
F 9 8 8 5 1 5 7
T 10 1 2 2 2 9 6 9 5 8 10 8 2 1 9 10 7
F 3 7 7 5 2 3 2
F 1 2 9 9 1 6 9 1 6 1
T 10 10 2 8 10 10 10 9 8 8 9 7 4 4 3 3 4 4 6 2
F 7
F 3 1
T 8
T 8 4 7 4 9 8 4 7 6 2 5 4 10 5 6 5 2
T 10 2 3 4 3
T 8 5 2 9 6 3 1 6 10 7 6 4
T 1 4 6 8 10 2 6 8 6 8 2 4
T 10 8 3 10 10 1 2 4 5 7 10 3 4 1 5 5 10
F 3 8 6 7 3 1 8 7 7 10 1 3 3 5 6 1 1
F 8 3 9 1 4 1
T 3 10 4 9 3 10 6 3 8 6 2 4 8 10 1
T 8 5 1 3 2 8 6 1 7 10 9 3 7 10 2 4 6 6
F 8 4 7 4 6 8 7 3 7 6 5 8 3 5 7 8 3
F 7 7 6 10 6 6 3 7 3 7 1 3 2 1 7 6 4 1
T 10 7 6 4 2 10 5 9 7 6 9 7 4 6 10
T 2 6 4 10 6 3 6 5 10 10 8 1 1 7 7
T 3 6 2 3 10 4 4 2 5 4 6
T 6 10 4 6 2 4 9 4 8 9 5 2 7 2 5 7 6 4 10 7
T 9 2 2 10 10 9 7
F 4 8 3 5 4 1 7
T 1 10
F 9 7 9 10 7
T 9 10 10 6 4 2 1 3 7
T 4 4 7 8
T 6 10 1 6 8 5
T 8 3 8 4
T 5 10
F 7 3
T 10 8 8 6
T 10 7 6 3 4 5 6 7 10 2
T 1 6
F 6 3 5 1
T 9 2 10 3
T 7 7 4 4 4 8 1 4 6 8 2 3 6
T 1 4 3 8 8 5 3 10 8 7 10 9 10 7 6 2 10 8 9 2
T 3 6 10 6 10 10 2 10 9 9 1
T 6 8 6 7 2 7 7 5 4 8 9 6 10 2 6 7 6 8
F 6 7 10 9 1 9 4 8 3
T 4 5 2
T 2 5 9 4 8 7
F 9 6 7 8 1 5 4 4 7
F 2 2 7 7 3 9 7
F 9 4 4 5 1 1 7 4 6 7 3
T 4 6 10 5 7 2 8
F 1 1 6 6 5 4 9 5 6
T 4 4 1 7 6 8 1 9 4 1 9 7 8 7 10 10 8 10 3
F 4 4 10 10 6 7 1 9 1 8 9 5 9 5 7 3 10 1 7 9
F 7 9 5 8 8 5 5 9 9 8 1 3 2 7 5 4 4 1 8 4
T 9 4 3 9 6 6 9 8 8 9 10 3 2
F 5 1 1 7 8
F 5 9 9 8 9 5 3 4 3 10
T 4 8 4 8 8
T 2 9 2 10 9 4 7
T 9 6 7 2 5 5 4 2 8 2 1 3 8 2 8
T 8 2 10
F 4 1 10 3 4 8 2 5 5 5 9 1
F 7 10 9 1 10 1 10 3 4 5 9 1 5 2 3
T 3 9 5 3 6 7 6 3 6 8 10 2 2
T 9 6 6 10 4 6 8 1 5 5 2 3 1 4
T 10
F 7 6 7 6 5 1 7 3
T 1 10 10 10 10 1 5 10 9 3 10 8 6 3 5 10 1
F 5 4 1 5
T 4 5 3 6 2 6 1 5 8 10 10 1 7 8 10 9 5 6
F 3 7 4 6 5 6 2 1 8 5 9 5 6 4 7 8 4 5 7
F 1 2 7 1 9 7 2 4 3
T 2 6 5
T 8 8 9 4 6 2 10 4 9
F 7 9 3 9 3 1 4 4 4 1 2 2 5
T 2 2 10 2 5 2 8 2 10 8 9 5 3 3 6 3 6
T 4
F 6 1 6 3 7 6 9 5 9 6 6 4 3 3
T 9 10 10 10 8 5 2 10 10 8 2 9 9 7 3 2 1 7
T 4 1 5 4 6 3 10 9 5 8 10 5
F 7 10 7 8 4 10 7 3 1 4 5 4 5 7 7 1 7
T 9 6 4 4 10 5 3 4
F 3 2 1 1 1 8 9 3 1 9 10 1 8 9 4 2 10
F 3 8 4 5 1 5
F 6 10 5 2 1 2 9 1 6 3 5 3 6
F 9
T 8 4 6 5 4 4 3 1 1 2 6 2 9 3 6 2 3 5 10
T 10 4
F 2 1 4 9 1 5 3 2 7 7 10
T 8 7 9 10 9 1 10 4
F 10 9 10 3 3 1 7 8 2 7 2 7 9 5 10 6 8 10 7
T 1 1 3 2 8 4 4 8 5 1 4 8 5 7 9 7 6 2 10
T 1 5 10 10 4 6 9 1 10 2
F 9 10 1 5 3 1 7 4 3 7 4 9 1
F 8 10 5 7 2 2 3 2 1 1 3 3 3 9 9 8 4 1
T 4 7 8 6 8 10 6 1 1
T 4 1 1 3 4 6 10 6 4 6 1
F 7 10 7 6 4 10 3 5 6 5 5 2 4 1 7 3 7 1 9
T 10 8 8 10 3 9 6 7 4 4 3 8 3 6
T 2 7 5 4 1 6
T 6 6 2 8 4 9 1 4 5 4
T 4 5 4 8 8 6 1 4
F 10 7 3 1 9
T 5 2 4 4 1 10 4 5 9 10 7 3 2 3 8 6 8 1 8
F 9 2 3 4 1 3 5 1 1 10 6 8 3
T 10 8 3 2 2
F 9 1 5 10 5 5 5 9 2
T 1 4 4 8 9 4 9 8 9 9 3 8 6 1 2 4 5 8 2 3
T 7 3 7 8 3 8 3 10 2 4 9 10 10 4 8 1 9 7
F 3 2 4 7 4 3 3 4 2 5 1 3 7
F 9 4 6 4 9 9 1 10 4 9 1
T 8 4 7 9 2 8 4 4 8 7 8 10 10 10 1 2 1 5
F 7 2 4 1 9
T 6 5 10 9 8 10 1
F 7 9 6 2 8 10 3 7 5 10 9
T 4 8 7
F 1 7 5 8 2 3
T 10 1 8 5 8 2 8 6 8 9 10 7 4 9 8 7 6 3 5 10
T 4 2 10 10 2 8 4 7 1 3 7 8 8 2 9
T 6 10 1 4
T 8 2 5 5 1 8 9 6 6 5 6 1 2 3
T 8 9 8 7 2 1 5 8 3 3 6 10 3 9 10 8 10 7
F 10 4 3 7 3 1 2 5 7 2 7 6 7 9 3 4 5 1
T 7 9 7 3 7 2 8 3 6 6 2 6
T 8 10 10 7 4 8 7 7
T 1 3 10 1 2 2 2 10 8 6
F 7 7 7 5 3 8 2 7 4 1 2 6
T 2 8 2 5 6 7 1 4 6 2 10 4 6 3 5 10 9 8
T 4 2 9 8 10 9 7 8 6
F 8 7 7 3 3 10 3 8 3 5 10 7 8 1 3 3 4
T 4 4 8 1 6
T 2 6 1 4 2 2 8 10 9 7 8 4 7 7 3 10 3 9 6 5
T 8 10 4 3 9
T 5 10 8 8 4 5 2
F 9 7 10 4 2 9 10 2 7 7 9 7 5 8
T 7 10 5 8 4 9 7 5 6 4 8 4 5 5 4 2 2 9
T 3 3 6 3 10 3 8 7 8 10 6 9 7 2 10
F 2 1 2 8 3 9 9 3 10 3 3 10 6
F 3 10 7
F 4 4 7 7 7 1 9 4 9 4 9 7 10 6 6
T 10 2 1
F 9 4 1 6 1 9 7 6
F 5
F 5 8 2 3 1 10 1 7
F 4 5 7 10 9 7 7 1 1 6 4 7 4 9 8
T 10 8 8
T 7 6 7 4 10
T 6 8 2 4 7 6 7 8 3 5 2
T 3 6 3 6 10 9 4
T 1 9 4 1 2 10 5 8 8 5 2 10 2 6 8 9
T 8 1
T 6 2 8 2
T 7 3 4 4 2 8 1 7 8
F 5 3 3 10 4 5 5 10 6 6 1 3 8 7 8 1
T 7 4
T 6 1 9 2 6
F 9 1 8 8 9 1 6 3 4 2 7
F 3 1 10 10 7 1 8
T 10 6 6 2 10 5 1 4 2 4 8 2 1
F 3 2 1 7 5 10 8 9 7
T 5 5 7 8 7 10 10 9 6 1 6 6 6 8
T 5 9 9 6 4 8 4 1 8 9 1 10 4 8
F 7 7 1 6 3 2 1 10 9 8 9 7 7 3 1 8
F 5 7 5 5 5 3 1 1 4 5 4 6 3 3
T 6 4 8 5 10 4 2 2 3 10 9 9
T 2 8 4 8 3 8 9 9 6 8 5 3 7 6 4 2 3 4 5 4
T 8 7 4 6 8 6 8 7 2 6 10 9 3 2 5 9 1 6 9
T 10
F 5 6 3
T 3 10 8
T 6 6 5 10 9 8 10 1 6 1 3 6 3 8 3 6
F 3
F 5 9 1 10 2 8 10 1 1 9 7
F 10 9 1 3 5 1 4 4
F 3 8 1 2 9 9 8 10 3 9 7 10 1 6
F 7 9 3 6
F 8 8 7 4 3 3 1 3 7 5 7
T 9 10 2 5
T 2
T 10 6 5 7 4 5
T 3 1 6 6 7 4 2 6 5 4 7 9
F 9
T 7 10 8 2 4 10 4 7 6 1 9 3 3 10
F 1
F 9 7 4 4 3 9 8 8 1 1 3 8 3 9 1 5 6 3 10 4
T 6 4 7 8 1 7 4 6 7 9 4
F 9 7 4 8 9
T 10 8 9 3 4 9 2 2
T 5 3 1 8 10 1 4 8 1 8 10 1
F 4 7 9 3 5 8 5
T 3 8 6 9 8 4 4 4 2
T 7 6 8 9 4 2 10 3
T 5 8 10
F 7 9 7 3 8 10 5
F 5 1 4 6 4 8 10 9 1 1 7 9 10 1 3
T 7 4 8 7 3 10 8 9
T 9 3 3 5 6 7 4 4 6 10 8 7 2
T 2 1 7 10
T 8 1 9 6 5 10 4 8 1 9 7 10
F 4 7 9 10 2 1 5 6 9 2 8 2 5 3 7 7 7
F 6 9 4 3 9 10 5 7 2 4 9 3
F 1 6 2 1 7 9 7 3 8
T 2 10 5 2 2 9 4 2
F 1 4 5 9
T 5 2 1 3 3 3 6 1 3 4 2 2 6 6 2 7 6 2
F 1 3 5 4 1 4 5 4 1 7 7 8 10 8
T 7 9 7 5 10 2 6 2 10 6 6 10 2
F 2 9 3
T 10 3 9 8 8 5 7 2 6 6 8 8 1 6 6
T 10 4 6 10 3 4 7
T 10 10
T 10 7 6 9 6 9 3 1 5 2 8 6 7 8 8 2 5 9
T 6 8 2 9
F 7 4 5 3 5 7 8 1 9 4 6 8
F 7 3 7 2 5 3 1 3 3 9 5 6 1 8
T 8 8 9 7 10 10 9 8 2 2
T 10
F 8 6 9 1 9 3 4 1 2 1 1 6
T 8 3 1 6 1 10 9 10 2 4 1 4 10 5 2 6
F 9 7 5 4 4 5 1 5 1 2 6 8 1 9 8 1 3
T 4 6 6 10 3
T 9 5 4 1 1 3 1 3 8 6 6 4 9 8 8 5 4 1 8 2
F 5 8 9 9
T 6 10 3 3 7 8 10
F 9 6 5 4 4 8 4 5 1 3 10 9 7 8 3 7 9 8
F 7 9 8 2 7 9 8 7 8 2 1 3
F 3 9 2 9 3 9 1 5
T 10 3 5 6 4
T 2 6 2
T 3 4 2 6 1 8 5 10 1 8 9 1 9 8 2 1 8 2 1 9
T 4 8 5 10 7 2 9 7
F 10 1 1
T 10 10 6 6 10 5 3 8 2 1 8 5 9 8 3 2 10 7 9 7
T 3 6 8
F 5 2 10 1 5 7 10 8 3 8 1 10 9 6 5 9 8
T 5 9 8 2 2 9 7 2 3 5 2 6 2 2 5
T 4 8 7 8 1 4 4 4 3 5 1 10 9 7
T 1 2
F 4 7 4 2 1 3 4 3 1 8 7 7 9 1 10 6 3 4 2 9
T 10 4 6 5 10 8 3 4 4 2
F 7 6 7 10 8 9 5 5 3 5 4 3 2 3 1 10
T 7 9 2 4 6 2 1 7 7 6 3 3 10 9 9 10 4 2
T 9 6 2 7 9 6 2 8 6 6 1 4 10 2
F 4 4 6 1 1 9 7 9 3 9 5 9 6 10 3
T 4 6 5 1 9 7 6 10 5 6 5 4 1 2 6 2 8
F 7 3 10 9 1 7 8 5 7 7 2 5 6 2 10 5 9 8 8 6
T 6 3 7 7 8 10 10 3 5 6 2 1 2 10
T 3 7 10 10
F 7 1 2
T 7 8 8 8 5 6 6 9 3 2 3 2 10 7 5 4
T 4 5 10 10 10 2
T 6 7 2 8 7 10 5 2 5
F 5 8 7 6 3 5
F 9 8 9 4 7 8 4 3 1 10 1
F 1 7 8 2 5 3 1
F 1 4 4 3 9 9 1 6 4 1 4
F 3 5 3
F 5 7 10 3
F 1 3 9 9 6 8 6 5 8 1 3
T 10 7 9 10 9 4 4 5 5 8
T 3 1 2 3 4 10 6 10 8 10 8 7
F 9
T 6 4 7 2 4 9 5 6 3 5 9 2 2 9 6 2 6 9 4
F 8 8 6 7 3 3 4 5 1
T 4 5 7 8 5 9 3 8 10 8 8 1 10 10 1 2 10 8 10
F 2 5 4 8 2 3 4 5 5 9 1 5 8 4 9 2 9 7 6
F 8 3 9 1 2 2 3 5 5 7 5 6 2 7 4 7
F 1 3 2 6 7 1 3 9 10 8 4 9 6
T 6 3 2 3
T 7 8 4 8 1 6 2 5 2 2 8 9 6 8 10 8
F 1
T 2 7 3 6 2 6 6 8 7 7 2 4 7 9 9 9
T 5 6
T 4 4 4
T 10 8 7
F 5 7 3 2 10 5 3 5 8 4
F 10 8 2 3 3 6 4 5 7 7 3 6 5 5 4
F 7 8 9 4 1 5 10
F 10 3 3 5 1 4 9 5 10 1 6 9 9 6 8 3 7 6 1 5
F 5 1
T 4 9 8 2 5
T 7 7 10 2 2 7 2 4 10 7 7 1 4 3
F 7 1 2 7 8 6 1 3 7 8 5 6
F 5 5 9 7 1 6 5 3 10 10 1 9 7 1 10 9 7 5
T 3 10
F 1 6 6 9 10 9 7 1 3 10 9 2 9 2 10
T 4 4 1 10 9 1 2 1
T 4 10 4 3 3 4 4
F 5 1 2 6 10 5 2 9 5 9 9 3 3 7 4 7 5 5
F 6 1 3
T 3 2 2 2 2 4 7 7 6 1
T 9 10 5 2 5 2 6 7 6 3
F 6 9 10 5 7 3
F 9 8 2 7 7 6 1 10 3 7 7 5 4 2
T 2 8 8 8 9 8 3 5 10 2
F 5 1 2 7 4 1 4 5 5 1 10 3 2 8
T 10 2
F 3 3 2 3 9 10 6
T 6 7 8 10 3 7 6 1 7 4 1 8 4 6 5 7 9 6 10
F 6 3 4 1 1 9 2 4 7 3 6 3 1 7 7 4 5 3 8
F 8 9 9 6 3 8 1 5 8 7 9
T 10
T 5 7 7 8 10 8 2 4 1 4 9 2 9 7 7 2 8 7 10
T 5 4
T 4 8 7 8 4 8 6 8 9 5 4 4
F 10 2 3 10 9 9 7
F 3 1 5 8 8
F 7
T 10
F 3 8 8 7 2 6 5 7 4 9 3 8 3 3 10
F 3 9 10 5 5 6 1 4 5 4 10
T 4 1 8 1 3 9 1 6 8 2 3 6 2 6 9 7 6 6 6
T 6 1 3 4
T 4 7 1 4 8 2 5 6 1 4 6 4 5 8
T 4 6 9 3 6 6 5 6 10 3 4 10 7
F 3 9 5 5
F 10 2 5 5 9 7 1 3 1 4 10 3 3 10 4
F 8 3 5 9 8 3 6 8 3
T 4 4 6 5 5 8 2 8 9 8 9 9 10 3 6
T 9 6 2 8 6 7 2 8
T 2 2 2 4 4 10 9 2 5
F 5 1 4 3 6 7 6 5 7 2 5 10 3
T 2 9 8 6 2 6 3 2 2 8
T 8 10 3 8 2 5 7 2 10 9 10 8 9 1 5 4
T 8 8 2 10 1 7 2 10 7 7 5 8 8 8 3 8 10
T 2 4 4 6 2 5 4 3 2 8
F 5 2 7 3 1 5 5 2 9 10 7 5 7 10 7 1 4 4 9
T 8 8 10 9 5 10 6 3 7 2
T 8 6 3 6 8 10 7 10 10 9 3 4
T 1 4 10 10 3 10 2 2 9 2 6 4 10 6 6 9 10 9
T 5 4 9 5 8 7 6 4
F 1 3 1 9 4
F 5 9 8 7 1
T 6
F 5 1 9 4 2 10 2 6 1 9 1 9 4 8 1 5
F 3 9 2 1 4 7
T 1 1 4 8 4 5
T 4 10 4 9 9 6 9 10 7 8 9 7 9 9 8 7 4 8
T 9 4 4 2 6 7 2 4 1 9 2 3
T 10 4 3 3 4 1 9 3 2 2 2 9 2 1 6 9
T 2 4 1 2 4 9 8 6 6 3 5 7 5 1 2 6 2 5
F 3 5 6 7 2 3 8 1 3 2
F 1 6 6 3 10 7 8 5 2 1 7 3 5 7 2
T 2
F 8 5 1 1 4 6 1 9 9 10 3 2 1 7 6 7 7 10 5 4
T 9 1 8 2 3 9 8 5 8 10
T 9 2 2 8 7 10 1 4
T 5 3 6 4
F 3 2 10 7 1 4 8 4 7 5 3
F 9 5 5 9 2 9 9 3
T 6 10 10 9
F 7 9 4
F 3 10 10 5 9 5 7 8 8
T 6 8 8 7 8 4 2
T 4 4 4 1 7 10 2 5 8 1 8 9 6 5
T 4 1 6 4 6 10 6 10
T 10 10 2 10 9 3 2 10 1 8 10 4 9 10 1 1 9 10 2
F 8 2 7 5 1 6 8 3 7 8 1 1 5 7 8 10 8
F 8 6 10 10 7 7 9 7 9 1 4 9 10
F 5 8 7 6 5 9 5 5 2 5 8 8 1 2 1 1 5 6
T 8 8 6 8 6 7
F 2 1 8 10 4 10 1 9 1 7 7 7 7 4 8 7 5 3 4 6
T 6 3 6 8 5 4 6 6 7 9 6 3 8 1 7 7 1 10
F 1 3 2 5 7 9 10 9
F 1 4 3
T 2 6 9 6 6 6 2 1
F 3 5 9 9
T 8 1 2 7 6 6 9 5 5 6 5 4 4 8 9 2 10 6 6
F 10 3 9 4 7 10 6 8 7 5 5 4 5 8 6 1 3 5 4 1
T 6 9 6 5 2 5
F 7 3 1 4 10 3 3
T 8 10 1 9 2 10 1 4 1
T 5 8 4 5 9 3 4 6 9 10 9 7 4 2 9 6 6
F 9 8 6 5 1
T 6 7 4 10 3 7 3 2 5 1 4 2 6 9 7 10 6
T 3 8 2 1 4 5
F 4 5 9 4 7 7 2 7 3 6 7 7 5 3 2 4 7 6
T 2 6 9 4
T 6 4 7 2 7 2 5 7 6 7 6 10 1 8 2 2
T 4 5
T 10 10 6 7 1 8 7
F 1 6 1 5 9 1 9 8 5 9 1 9
F 8 4 9 1 5 1 5 8 7 3 3 5
F 3 9 8 1 3 7 8 2 2
T 4 6 8 1 7
T 9 1 7 3 5 2 3 6 4 4 10 9 8 7 10 2 6
F 9 1 1
T 2 7 4
F 7 1 3 4 8 3 6
T 7 3 10 4 5 4 4 4 1 8 4 2 1 5 10 10 2 2 4
T 2 10 1 9 10 10 6 4 5 2 3 8
T 4 10 2 10 2 10 3 4
T 5 10 2 9 4 4 10 3 4 2 9 10 1 3 8 6
F 10 9 4 5 5 6 9 8 10 1 4 4 3 8 5 9 9
T 7 4 1 2
T 8 5
F 3 7 9 5 3 8 5 3
F 3 7 7 1 7 10 8 3 4 5 1 8 8 2 9 5
F 9 3 5 9 10 3 8 7 4 10 5 7 9 5 7 4 5 8
T 6 9
T 10 1 10
T 5 4 6 10 3 1 8 1 6 2 4 4 4 7 4 5
T 3 4 3 6 10 5 7 9 4 4 2 9 2 3 10 2 1 7
T 2 4 10 2 3 7 9 10 1 4 10 1 2 9
T 10 8 10 1 1 10
T 10 6 3 7 9 2
F 5 10 8 1 1 4 3 9 10 2 10 5 6 1 9 5 1 9 8 3
F 5 3 1 1 4 10 7 4 5 1 10 4 1 5 7 3 9 10
T 3 2 6 2 1 1 1 4 2 4 4 8 9 2 10 6 2 8
F 9
T 9 8 2 7 4 6 7 4 3 8 3 7 10 2 1 3 10
F 5 9 3 2
T 5 6 3 3 4 8 5 2 7 2
T 4 10 8 5 5 8 6 4 9 5 5 3 2
T 9 6
F 4 3 5 8 10 5 3 4 2 1 3 6 9 2 1 3 6 3 10
F 5 3 7 9 1 8 7 3 1 5 1 1 10 5 3 4
F 10 5 5 5 3 6 3 7 3 7 2
T 10 5 2 9
T 7 10 3 2 8 8
F 1
T 1 1 8 9 2 4 8 3
F 8 5 1 7 5 1
T 4 2 4 7 7 6 4 2 2 8 2 2 4
F 8 7 1
T 1 6 4 7 4 1 5 4 10 10 6 8 10 4 9 10
F 10 1 9 7 8 6 8 9 7 1 10 3 10
F 9 2 3 3 9 8 5 3 4 1 6 2 7 7 7
T 2 1 2 10 10
T 3 3 1 6 5 2 7 3 9 6 4 6 5 8 2 6 6 10
T 3 4 1 1 5 3 1 10 2 1 6 6 6 10 8 4
F 3 8 7
T 8 9 10 4 9 7 2 6 8 1 4 3 5 6 6 6
T 1 10 4 4 4 2 10 9 5 1 2 2 6 3 6 10 3 8
T 8 4 9 1 5 10 8 2 8 10 8
T 6 2 8 3 2 2 5 8 10 4 2 6 3
F 9 8 3 3 2 1 7 6 3 4 3 1 8 4 1
F 5 4 7 7 3 7 10 4 8 6 7 7 6 2 7 9 8 4 9
F 9 7 1 5 8 9 9 1 5 10 4 2 5 1 3 2 10 4 10
F 3 1 8 2 5 2 7 2 1 3 5 1 10 9 6
F 7 5 8 2 1 1 3 5 4 7 8 8 1 6 10 9 3 3 5 1
F 3 4 8 3 7 1 3 5 5 5
T 8 5
F 5 10 1 7 8
T 4 10
T 5 6 3 3 4 4 4 2 4 8 5 3 9
T 5 1 7 10 4 8
F 10 7 1
F 6 6 10 7 7 8 5 9 1 5 3 3 1 8 9 3 9 10
T 7 9 7 6 10 6 2 9 9 10 10 9 4
T 6 6 4 7 6 8 2 10 5 1 1 10 8 8 3 10 5 5
T 6 5 8 6 2 3 2 10 3 7 9 10 1 5 2
T 6 1 9 2 10 4 2 2 7 7 7 8 5 5 4 6 8 1 10 3
T 9 8 1 1 2 2 4 2 3 9
T 8 6 8 5 8
F 5 6 7 10 3 2 9 2 1
T 4 2 9 10
T 8 3 8 4 2 6 10 8 8 2 10 3 1 9 10 7 4 2 8 8
F 10 5 5 1 10
F 5 7 7 6 1 7 3 9 1 7 9 2 8 5 7 6 5 3 6
T 6 8 9
F 4 9 6 3 6 7 7 9 10
F 7 3 1 6 3 9 10 1 1 4 1 4 4
T 6 10 1 10 5 4 1 5 9 6 10 4 2 7 10
T 1 10 8 2 4
F 5 3 6 3 9
T 2 1 5 3 8 5 8 10
F 10 5 5
F 2 9 6 1 1 1 3 1
F 7 5 3 6 1 4 10 3 7 1 8 10 5 4 2 6 7 1 10 9
T 6 10 3 5 4 5 1 6 5 10 1 1 4 6
T 10 9 10
T 2 3 6 3 4 2 7
T 8 2 5 1 10 6 7 5 4 8 2 2 2
T 10 9 10 10 8 2 2 2 8
F 5 7 3 5 8 5 7 5 4 10 8 9 5 7 7 1 8 9
F 9 7 4 8 1 3 9 2
T 6 9 5 7 2 5 10 1 6 9 1 3 8 7 4 2 8 2 6
T 7 2
F 5 7 6 5
T 9 2 2 8
F 3 3 3 2 5 8 5
F 3 3 6 3 6 8 9 5 10 5 3 6 1 3
F 9 9 10 2 1 5 4 5 8 10 7 7 8 9 1
T 3 8 7 2 7 5 4 2 6 8 7 4 4
T 6 9 7 2 8 1 4 10 2 6 5 3 9
F 5 1 1 10 4 5 7 1 8 7 9 1
F 2 1 6 4 2 1 3 9 9 3 9 5 7 7 4 6 5 2 8 10
F 5 5 7 5 1 10 9 6 10 4 4 7 5 6
F 4 9 3 2 5 3 5 8 5 6 5 4 1
T 9 6 2 6 6 5 5 2 6 8 6 7 9 1 9 6 10 6 1 3
T 10 4 4 6 4 6 10 5
F 3 5 7
T 5 1 10 10 1 5 3 4 4 3 5 6 4 6 4 4
T 2 6 5 4 8 8 8 1 2
F 7 8 5 10 5 1 3 3 7 1 1 8
F 1 7 1 8 4 4 2 3 3 3 7 4 5 9 2 1 4 3 7
F 4 5 9 1 10 6 2 10 1 3 2 10 7 5 2 5 5
F 3 10 3 3 6 1 7 3 2 5 9 3 10 9 7
F 4 7 3 10 3 8 3 3 7 5 8 6 6
T 4 5
T 4 2 3
T 8 9
T 6 2 1 1
F 5 6 10 1 3 8 8 2 5 1 9 2 5 5 6 7 2 3
T 1 8 4 7 1 2 6 5 6 5 4
T 6 5 9 2 4 10 10 5 1 5 5 5 4 6
T 9 5 7 6 7 2 8 3 8 8 7 10 8
T 6 6 2 7 9 9 1 6 10 8 4 2 4 4 8 7
T 8 5 6 2 10 10 1 1 3 8 3 10 9 10 6 8 2 4 8
F 6 1 9 7 5 8
F 1 1 4 9 9 3 10 5 5 2 2 2 3 4 3 5 9 7 9 1
T 10 4 8 6 10 3 9 7 8 2 3
F 10 5 3 6 7 7 3 7 8 9
F 2 5 3 7 5 5 9
T 4 5 2 9 10 7 6 7 3 7 8 4 2
T 8 9 1 6 7 10 10 6 5 1 6 2
F 4 1 9 10 7 9 5 2 3 7 5 7 9 10
T 8 4 4
T 10 8 7
T 6 6 1 7 3 9 4 2 4 2 4 7 1 8 2 7 2 9
T 5 4 9 8
T 8 10 4 5 1 2 3 3 6 10 4
T 8 3 9 2 4 10 7
F 5 9 6 5
F 6 5 7 5 7 6 8 8 9 6 2 5 5 2 3
F 3 5 5 2 8 5 5 4 9 9 8 6 10 3 4 1 5 6
T 4 9 7 10 2 6 6
F 3 10 5 8 7 1 10 10 1 4 9 9 3 10 6
F 5 9 4 1 9 6 3 1 10 6 8
F 9 6 9 6 5 1 5 4
T 3 4 8 4 9 4 6 5
F 9 4 5 7 9 1 10 4
T 3 10 10 6 4 4 10 7 10 10 7 7 2 9 7 7
T 4 8 6 6 9
T 2 3 4 5
F 2 8 3 2 10 1 1 9 5 7 5 3 3 7 7
T 10 4 10 10 8 2 2 7 1 6 3
T 10 5
F 7 3
T 6 6 4 6 9 7 10 10 5 2 5 6 7 4 5 2 2 3
T 6 6 4 4 2 7 3 10 4 9 4 9 10 7 2 3 4
T 4 1 4 9 3 7 2 8
F 6 2 3 1 9 2 10 9 8 4 5 7 4 5 7 7 9
F 10 5 10 2 5 9 7 3 2
T 1 6 4 4 10 9 6 1
T 10 10 9 7 7 2 6 6 9 2 10 7 10 7 10
T 2 5 1 8 10 8 10 5 7 8 10 6 8 7 10 8 4
F 9 2 5 9 4 9 4 2 9 9 8 3 3 4 10 7 6
F 9 2 5
T 7 8 6 8 8 1 6 6 6 3 1 4 7 4 3 8 9 9
T 6 2 4 2 4 9 10 9 8
F 5 10 1 1 3 6
T 8 2 4 5
T 4
F 5 9 1 5 6 1 8 10 5 3 5 8
T 2 9
T 7 10 8 4 4 5 10 3
F 3
F 7 6 5 3 1 2 8 3 7 7 8 3 10 6 2 8 9 5 3 1
F 4 8 9 1 1 9 6 7
F 4 7 9 8 9 6 1 10 4 6 5 2 1 9 3
T 10 1 6 6 8 2 1 8 5
T 1 6
F 3 8 7 7 7 5 7 6 1 10 8
T 3 6 4 4 3 8 10 10 9 3 1 5 4 6 4 4 1 8
T 10 4 7 9 2 9 2 10 2 10 5 4
T 4 4 6 8 7 9 9 6 8 4 4 8 7
F 2 10 3 2 1 3 3 3 4 5 10 1 3
T 2 1 9 6 8 3 5 5 10 6 10 1 10
T 7 3 10 4 4 10 10
F 1
F 8 7 3 1 1 4 3 3 5 1 10 5 6 9 5 7 1 10 5
F 1 3 3 6 1 3 4 1 8 1 7 9 5 5
T 10 1 8
T 8 2 7 6 3 10 4 1 7 1 3 1 4 10 4 1 5 2
F 2 5 5 7 6 7 1 1 7 10 4 9 8 4
T 2 5 4 3
F 8 3 10 3 10 7 5 2 1 1 7 10 3
F 6 9 8 9 7 2 5 6 1 3
F 4 1 3 7 3 7 9 7 3 8 3 3 5 4 5 1 1
F 9 10 4 2 5 7 10 5 9 7 2 1 7 9 2 3 6 10
T 4 10 2 1 7 10 1 8 5 7 7 1 6 10 8 7 6
F 8 9 7 8 1 3 2 5 7
T 8 8 3 2 4 10 8 1 10
F 2 8 10 9 1 4 9 2 6 3 1 4 9 7 3 1 5 8 4
F 8 9 1 1 4 7 1 8 3
T 4 2 6 8 10
T 4 2 2 1 3 7 4 6 5 9 2 3 10 2 4 2 3 7 9
F 5 5 6 6 2 9 9 4 5
T 2 8 1 6 5 2 10 3 5 5
F 5 4 5 10 3 3 1 6 1 5 1 10 8 5 7
F 2 7 1 5 4 1 5 6 6 3 2
F 6 1 7 1 7 6 10 9 9 5 10 7 2
T 9 10
F 6 1 1 1 5 5 7 7 5 1 2 4 7 1 2 7
T 2 10 9 2 3 10 7 1 1 4 1 8
F 5 10 10 6 1 2 8 9 9 4 7 3 1 1 3 7 4 6
F 1 7 6 7 10 5 1 3 1 10 4 9 9 7 10 4 1 8
T 5 8 9 3 1 7 8 9 6 2 2 2
T 1 10 1 2 6 5 4 7 6 6 8 10 6
T 2 4 10 1 2 3 3 1 8 2 6 1 4 7 8 3
F 2 3 1 4 2 1 2 3 5 10 7 6 2 7 9 3 2 3 5
F 9 8 1 9 7 3 6 4 10 2 3 5 7 2 8 8 3 6 9 7
F 1 1 10 5 4 3 7 4 9 3 8 8 4 10 9 7 5 3
T 10 7 6 8 10 1 9 3 9 7 5 9 2 5 10 4 8 4
F 9
F 8 5 5 9 5 3 6 9 10 6 4 1
T 9 5 2 8
T 1 4
T 2 10
T 10 4 2 8
T 1 2 8 10 9 2 10 10 5 3 6 2 7 10
F 6 10 7 3 1 8 5 7 5 2 10 4 10 9 2 5 3
T 8 6 6 7 8 2 8 2 6 3 4 1 8 5 9 9 7 10 1 5
T 3 8 1 8 4 3 9 2 4 7
T 7 2 7 5 6 6 5 2 1 7 5 1 8 4 6 4 2
T 8
T 6 4 5 2 1 2 10 4 6 7 2 6 6 1 4 4 7
F 7 3 2 7 8 7 7 10 10 1 9 7 9 2 2 9
T 8 3 8 1 8 4 2 1 2 9 6 10 9 9 6
T 3 4 2 1 2 5 10 7 2 5 5 8 10 4 8 5 4 5
T 6 10 8 10 4 3 9 1 1 8 2 2 10 6 10 8 2 10 6
F 5 4 1 3 5 8 3 4 2 10 5 8 3
F 4 9 1 10 1 2 9 3 2 5 5 1 5
T 2 6 5 7 8 10 5 10 7 2 6 2 8 7 6 9 3
T 10 5 6 4
F 5 9
T 10
T 1 4 1 8 2 10 4 4 5 5 9 2 7 6 4 6 2 8 5
F 1 7 6 5 6 8 3 9 4 5 7
T 1 4 5 10 10 10 5 9 6 2 9 5
F 5 8 3 1 6 2 4 1 7 4 5
T 10 4 9 2 8 10 7 6
T 3 1 8 8 10 9 6 7 10 4 7 7 1 8 2 9 4
F 9 1 6 6 1 1 1 3 1 6 6 2 4 9 3 3
T 2 5 8 9 5 5 10 6 7 3 10 4 6 3 9 6
T 7 8
T 10 6 4 9 2 7 10 3 1 6 7 4 9 5 8 8 1
T 10 2 6 8 5 5 2 5 2 2 8 7 6 3 6 2 4
F 8 5 2 1 6 10 3 3 7 2 8 6 3 5 5 9 3
T 6 4 8 5 8 4 4 2 8 1 10 6 8
F 10 7 1 6 1 4 2 1 5 7 2 9 3 6 5 9 7
T 5 8 2
F 6 3 10 8 10 7 9 1 7 7 5 2 9 1 10 4 10 10 3 1
F 5 9 9 3 1 4 10 9 1 2 10 2 2 3 10 7 3
T 2 3 3 6 10
F 5 7 9 7 1
F 8 1 6 5 3 9 3 1 1 4 6 2 4
T 10 5 6 10 1 10 1 3 4 6 5
T 6 10 5 10 7 5 3 3 7 4 10 8 4 1 8 6 1 10
T 6 6 4 9 4 3 6 5 2 10 5 6
F 8 10 9 2 1 1 7 4 9 9 6 6 5
F 9 3 5 4 2 9
T 2 5 6
T 9 4 8 6 1
F 3 3 9 9 6 5
T 2 6 4 6 9 10 7 6 5 3 4 1 10 9
F 2 9 1 3 5 3 5 8 7 8 4 6 5 4 9 5
F 6 5 5 7 4
T 4 4 4 10 8 9 10
F 1 4 9 4 10 1 7 7 5 6 8 10 3 4 1 6 3 3
F 9 7
F 2 2 9 3 3 8 5 3 7 4 10 7
T 3 8 7 2 4 10 2 3 10 5 6 3 1
F 4 7 3 3 1 8 10 5
T 8 10
T 4 8 8 9 10 2
T 1 7 4 6 5 9 9 2 2 9 9 6 10 4 7 2 10 2
T 7 10 5 4 10 2 10 6 9 10 9 6 4 9 4 2
F 9
T 4 7 9 3 2 4 5 7 6 4 2
F 6 6 1 5 3 1 3 1 9 6 7 3 10 1 3 4 2 3
T 1 1 5 2 4 3 2 10 1 10 8 2 9 4 3 7 7 6 1 8
T 4 9
T 4 10 1 3 5 8 3 6 6 8 9 9 4
F 1 10 4 9 10 5 8 10 8 9 1 1 7 3 4
T 8 9 5 5 10 3 8 4 8 2 9 2 3 10 6 7 5 3 2 5
T 2 4 8 5 7 9 8 4
F 7 10 2 1 1 5 10 9 5 9 3 5
F 9 8 1 3 7 9 4 8 10 1 5 3 4
T 4 9 3 6 7 10 10 2 6 9 10 5 1 1
F 10 5 10 10 4 10 1 8 3 1 1 1 6 8 1 6 1 7 3 1
F 9 2 5 3 2 9 9 1 2 9 4 4 6
T 8 10 7 5 8 9 1 6 8 5 6 5 10 7 1 7 7 2 4 4
F 3 5 9 9 1 8 8 10 9 10 10 6 2 10 7 7 9 1 4 5
T 3 3 8 6 4
T 2 4 4 6 4 3 6 6 10 6 1 5 2 10 9 3 5 3 3
T 8
F 6 3 5 9 6 2 7 1 9 8 10 9 2 7
T 8
F 7 7 9 7 4 1 5 2 5 4 9 9 6
F 7 9 1 6
F 5 4 7 1 5 8 8 6 6 2 9 7 2 1 3
F 1 5 3 7 5 7 5 2 7 9 4 6 1 10 9 2 4 6
F 3 9 8 9 4
T 4 7 7 4 10
T 2 2 1 7 6 1 5 3 10 4 8 10 3 6 7 5 8 5 10
F 7 3 3 3 7 2 10 7 1 7 1 1 4 8 4 1 1 9 7 3
T 7 2 3 10 1 10 6 9 6 9 9 8 2 1
T 8 1 6 5 9 8 5 10 9 2 10 1
F 7 1 9 1 3 5 4 1 6 8 9 3 10 10 3 9 8 3 7 3
T 6
F 5 5 10 7 8
T 3 4 6 8 1 3 6 7 3 5 2 8
T 2 9 6 1 8 4
F 1 7
F 5
F 1 10 3
T 2 2 5 2 10 1
F 8 7 9 4 3 1 10 5 10 9 8 1
T 8 7 8 5 1 4 4 10 1 6 10 6 6 9 9 9 4
T 6 8 4 1 6 6 8 6 2 10 8 10 1 1 4
T 7 1 2 4 10 3 8 8 7 6 3 1 6
T 4 8 6 4 10 4 6 9 8 2 8
F 6 1 2 5 1 2 1 7 7 4 4 3 8 5 4 8 10 3 3
F 8 10 2 4 9 7 3 1 1
T 4 9 4 4 10 4 10 1 6 3 9 8 2 9 6
F 2 3 7 5 9 9 3 5 3 1 4 4 10 2 3 8 8 8 10
F 3 1 2 7 2 7 4 1 10 9 5 4 10 6 3 7 7 10 10
T 10 4 7 10 2 9 2 9
T 6 8 2 2 3 8
F 9 10 5 9 3 7 9 7 7 10 10 6 6 9 3
T 6 8 7 8 10 1 2 10 8 4
T 5 2 10 7 7 3 2 8 5 8 1 10 8
F 5 5 3 3 4
T 3 10 8 10 9
F 1 4 2 3 1 8 6 10 9 4 9 7 3 1 9 3 4 3
T 10 8 4 2 1 2 7 2 5 10 6 10 4 6 2 6 2 10 10 5
T 2
F 2 3 7 9 9 1 1 1 6 5 6 9 1
T 6 6 8 10 10 5 9 9 8 3 6 7
T 7 5 10 4 2
T 9 4 2 2 5 7
T 9 7 4 1 6 4 2 7 10 3 10
T 4 8 7 2
F 5 8 3 1
F 5 1 7 7 3 1 10 5 1 9 5 7 8 7 8 4
T 6 8 1 6
T 7 4 4 8
T 10 1 3 6 10 9 9 8 10 9 4 2 2 9 6
F 1 10 4 3 4 10 8 3 9 9 1
T 10
T 4 10 8 10 7 3
T 1 6 4 3 1 2 2 9 7 4 3 9 4 9 2 7 10 6
T 6 1 4 4 1
T 6 6 4 8 6 8 7 2 1 5 5 9 5 4 6 5
T 2
F 3 1 1 5 5 7 1 7 9 4 9 5 5 3 7 7 9
F 7 7
F 9 7 3 8 9 4
T 8 7 7 4 2 7 6 5 6 10 9 6 6 4 6 10 5
T 8 10 4 3 6 2 5 1 6 2 10 2 1 1 3 6 8 4
T 2 1 4
F 1 6 8 3 3 1
T 8 4 2 2 9 5
F 10 4 3 9 4 2 1 5 5 1 9 3 9 9
F 7 1
T 2 4 6 2 6 6 6 5 2 9 2 2
T 6
T 9 7 8 10 10 10 6 7 9 1 3 6
T 2 8 8 2 1 3 6 8 2 1 3
T 10 3 7 6 10 10 6 3 4 1 9 1
T 4 6 3 3 9 9 10 8 7 2 6 4 5 7 5 6 6 6 5 4
T 4 2 5 6
F 8 8 3 5 4 7 5 4 6 7 1 7 9 6
T 9 4 3 5 10 1 4 1 8 8 8 7 6 6 9 8 6 6 10 9
T 5 10 3 2
F 5 7 4 9 7 6 1 3 10
T 2 4 8 6 8
F 10 3 7 7 4 1 2 3
T 6
T 2 10 10 1 6 10 10 6 2 3 3 10 3 5 6 5 10
T 10 9 7 5 10 2
T 3 8 3 2 4 2
T 3 4 1 4 5 9 4 4
T 8 5
T 3 10 4 6 4 3 2 2 1 7 1 2 4 9 8 10 3 3
F 7 3 3 7 5 4 4 3 7
F 6 5 2 1 1 3 5 7 6 5 7 4 7 7 8 1 7
F 1 10 5 7 7 9 4 5 9 8
T 6 8 6 1 6 2
F 8 1 10 5 7 10 2 6 4 1 7 1 5
T 7 7 10 8 4 2 4 4 2 5
T 8 10
F 9 5
T 2 9 7 6 6 8 9 6 3 3 10 5 10 4 9 2 4 6
T 2 5 1 3 8 2 4
F 9 10 7 3 7 4 4 5 8 1 9 1 1 2 3 10 7 4 5 6
T 4 6 1 6 8 3 2 5 10 2 1 2 1 1 2 7 3
T 1 10 10 2 1 4 3 1 9 8
F 2 7 3 1 7 7 5 7 5 9 3 4 4 5 4 2 1 10
T 8
T 1 2
F 6 1 10 5 9 4 8 4 7 3 1 8 10 5 1
F 9 7 1 9 10
F 7 3 7 10 4 3 9 6 4 5 3
F 7 10 9 6 4 1 7 2 5 6 3 4 4 9 7 6 1 7
T 8 7 6 1 8 6 4 7 4 2 4 10 5 1
F 1
T 2 7 6 1 8 3 3 6 4 2 7 4 9 6
T 6 10 1 5
T 10 8 8 3 7
T 1 6 4 4 3 2 5 9 8 5
F 1 5 3 3
T 9 6 1 6 10 10 3 1 10
T 8 1 2 2 9 10
T 3 4 4 7 7 7 2 3 2 2 9 2
F 5 1 2 6 5
F 2 6 5 2 9 3 4 9 1 5 1 9 9 3
F 1 4 9 5 7 6 6 7
T 7 7 5 7 6 10 1 5 3 2 4 4 10 6
T 6 9 3 10 1 2 10 2 3 2 9
F 9
F 9 8 1 3
F 1 8 7 1 4 6 10 3 3 7 3 6 6 3 4
F 3 7 4 5
F 5 7 10 9 7 4 3 9 10 3 5
T 6 2 9 10 10 3 8 1 7 2 6 5 6 6 4 9 4 4 4 7
F 9 8 9 9 5 5 9 8 1 7 1 2 8 8 8 4 5 7
F 1 9 7 3 4 1 5 10 8 9 2 8
T 4 4 10 2 3
T 2 6 9 4 7 6 3 4 5
T 10 2 4 2 1 8 10 6 8 4 8 9
T 3 2 4 6 4 3 5 2
F 2 7 9 2 3 8 10 10 9 7 6 2 5 8 9 9 9 5 7 2
T 1 2 2
T 2 10 4 5 8 4 1 9 6 6 8 4 5 9 7 4 6 3 5 4
F 7 5 6 1 3
T 2 8 9 5 4
F 1 10 5 3 1 5 5 10
F 1 1 3 5 7
T 8 8 3
T 9 6
